Ejemplo de multiplicación de matrices usando OpenMP.
Inicializamos la multiplicación de matrices utilizando 4 threads
Inicializamos las matrices...
El thread 2 inicia la multiplicación...
El thread=2 hizo el renglón=2
El thread=2 hizo el renglón=6
El thread 3 inicia la multiplicación...
El thread 1 inicia la multiplicación...
El thread=3 hizo el renglón=3
El thread 0 inicia la multiplicación...
El thread=1 hizo el renglón=1
El thread=3 hizo el renglón=7
El thread=0 hizo el renglón=0
El thread=1 hizo el renglón=5
El thread=0 hizo el renglón=4
El thread=1 hizo el renglón=9
El thread=0 hizo el renglón=8
El tiempo de ejecucion fue: 0.000477
******************************************************
Matrix A:
  9.00     2.00     1.00     0.00     8.00     9.00     0.00     2.00     9.00     6.00   
  4.00     7.00     0.00     5.00     8.00     3.00     8.00     5.00     9.00     9.00   
  4.00     5.00     9.00     5.00     7.00     0.00    10.00     9.00     1.00     7.00   
  2.00     9.00     3.00     4.00     5.00     4.00     2.00     7.00     0.00     0.00   
  2.00     8.00     7.00     9.00     6.00     9.00     3.00    10.00     7.00     2.00   
  4.00    10.00     1.00     7.00     8.00    10.00     6.00     1.00     3.00     8.00   
  3.00     4.00     8.00     6.00     8.00     9.00     3.00     6.00     2.00     3.00   
 10.00     0.00    10.00     9.00    10.00     6.00    10.00     1.00     2.00     3.00   
  1.00     8.00     3.00     4.00     0.00     4.00     8.00     5.00     9.00     6.00   
  2.00    10.00     0.00     5.00     9.00     4.00     7.00     2.00     6.00     2.00   
******************************************************
******************************************************
Matrix B:
 10.00     3.00     0.00     7.00     9.00     9.00     0.00     5.00     1.00     4.00   
  9.00     1.00     9.00    10.00     3.00    10.00     5.00     9.00     7.00     2.00   
  7.00    10.00     7.00     7.00     9.00     1.00     3.00     7.00     1.00     9.00   
  9.00     5.00     3.00     8.00     9.00     8.00     3.00    10.00     8.00     4.00   
 10.00    10.00     6.00     9.00     2.00    10.00     1.00     3.00    10.00     8.00   
  5.00     1.00    10.00     8.00     2.00     7.00     9.00     0.00     5.00     5.00   
  3.00     5.00     7.00     5.00     2.00     0.00     7.00     9.00     9.00     0.00   
  7.00     6.00     3.00     4.00     8.00     7.00     7.00     8.00     2.00    10.00   
  7.00     7.00     7.00     5.00     8.00     5.00     9.00     0.00     9.00     6.00   
  8.00     7.00     2.00     7.00     4.00     7.00     9.00     9.00     6.00     8.00   
******************************************************
******************************************************
Result Matrix:
365.00   245.00   244.00   329.00   242.00   346.00   251.00   164.00   270.00   280.00   
437.00   323.00   308.00   402.00   288.00   390.00   338.00   350.00   405.00   305.00   
419.00   362.00   283.00   384.00   319.00   322.00   279.00   424.00   317.00   335.00   
283.00   171.00   219.00   272.00   186.00   270.00   170.00   241.00   202.00   199.00   
471.00   336.00   378.00   445.00   366.00   419.00   347.00   364.00   364.00   374.00   
440.00   270.00   348.00   448.00   250.00   421.00   320.00   345.00   392.00   279.00   
390.00   298.00   307.00   379.00   281.00   339.00   259.00   293.00   287.00   321.00   
456.00   372.00   310.00   435.00   349.00   352.00   243.00   365.00   350.00   322.00   
329.00   240.00   291.00   319.00   256.00   274.00   323.00   304.00   311.00   235.00   
358.00   238.00   300.00   354.00   205.00   334.00   245.00   274.00   355.00   212.00   
******************************************************
Done.
