Ejemplo de multiplicación de matrices usando OpenMP.
Inicializamos la multiplicación de matrices utilizando 4 threads
Inicializamos las matrices...
El thread 1 inicia la multiplicación...
El thread 2 inicia la multiplicación...
El thread=1 hizo el renglón=1
El thread 3 inicia la multiplicación...
El thread=2 hizo el renglón=2
El thread 0 inicia la multiplicación...
El thread=1 hizo el renglón=5
El thread=3 hizo el renglón=3
El thread=2 hizo el renglón=6
El thread=0 hizo el renglón=0
El thread=1 hizo el renglón=9
El thread=3 hizo el renglón=7
El thread=0 hizo el renglón=4
El thread=0 hizo el renglón=8
El tiempo de ejecucion fue: 0.000383
******************************************************
Matrix A:
  7.00     3.00     5.00     6.00     6.00     4.00     9.00     6.00     1.00     6.00   
  9.00     6.00     7.00     7.00     7.00    10.00     7.00     4.00     7.00     8.00   
  7.00     8.00     7.00     3.00     6.00     4.00     4.00     8.00     4.00     0.00   
 10.00    10.00     7.00     1.00     9.00     2.00     3.00     7.00     1.00     5.00   
  6.00     2.00     3.00    10.00     6.00     8.00     3.00     5.00     7.00     6.00   
  9.00     9.00     8.00     2.00    10.00     3.00     0.00     9.00     5.00     7.00   
  0.00    10.00     4.00     7.00     2.00     4.00     6.00     4.00     9.00     8.00   
  4.00     0.00     4.00     8.00     9.00     1.00     6.00     1.00     3.00     0.00   
  9.00     0.00     1.00     1.00     3.00     1.00     0.00     2.00     7.00    10.00   
  6.00     7.00     9.00     9.00     2.00    10.00     9.00    10.00     4.00     0.00   
******************************************************
******************************************************
Matrix B:
  6.00     6.00     8.00     4.00     8.00     2.00    10.00     3.00     6.00     4.00   
  2.00     7.00     0.00     1.00     2.00     3.00     2.00     4.00     4.00     8.00   
  2.00     5.00     9.00     2.00     7.00     0.00     7.00     9.00     6.00     5.00   
  4.00     5.00     9.00     8.00     2.00     3.00     1.00     7.00     5.00     9.00   
  7.00     5.00     0.00     5.00     7.00     3.00     0.00     1.00     9.00     3.00   
  2.00     2.00     7.00     0.00     7.00     9.00    10.00     6.00    10.00     6.00   
  2.00     6.00     7.00     9.00     7.00     4.00    10.00     6.00     7.00     6.00   
  3.00     1.00     7.00    10.00     4.00     9.00     1.00     6.00     1.00     0.00   
  5.00     4.00     4.00     6.00     1.00     4.00     3.00    10.00     5.00     9.00   
  9.00     7.00     7.00     9.00     4.00    10.00     7.00     6.00     3.00     0.00   
******************************************************
******************************************************
Result Matrix:
227.00   262.00   334.00   320.00   291.00   249.00   298.00   286.00   300.00   236.00   
310.00   351.00   429.00   364.00   370.00   340.00   409.00   414.00   430.00   368.00   
186.00   234.00   274.00   244.00   261.00   205.00   238.00   279.00   281.00   256.00   
242.00   283.00   275.00   265.00   298.00   227.00   265.00   261.00   296.00   230.00   
254.00   254.00   347.00   315.00   263.00   283.00   273.00   331.00   325.00   292.00   
287.00   301.00   315.00   310.00   310.00   279.00   269.00   323.00   323.00   259.00   
219.00   275.00   289.00   304.00   203.00   269.00   242.00   349.00   272.00   310.00   
159.00   180.00   208.00   215.00   195.00   113.00   156.00   191.00   237.00   204.00   
214.00   181.00   209.00   213.00   164.00   185.00   201.00   194.00   169.00   128.00   
206.00   285.00   429.00   336.00   334.00   298.00   358.00   406.00   374.00   362.00   
******************************************************
Done.
